25 12
12 44 7 91 33 58 11 95 22 60 14 87
73 19 85 41 66 24 99 32 58 11 92 40
28 61 13 54 88 7 43 76 15 99 27 63
91 25 74 37 52 100 35 28 73 46 55 81
17 83 92 10 44 33 21 59 84 67 30 16
64 12 59 48 97 26 80 14 39 90 5 71
36 95 18 72 11 79 24 68 52 33 41 99
55 31 63 20 76 12 57 43 29 81 90 24
47 70 22 87 39 51 16 100 61 42 13 56
10 53 71 34 98 40 73 25 95 8 77 91
82 29 6 73 21 84 12 36 66 55 94 19
14 67 54 16 82 31 62 47 30 93 33 70
93 18 41 58 45 96 27 64 79 100 9 52
26 76 9 99 64 50 88 11 43 57 2 78
59 4 83 23 56 28 17 92 13 80 49 35
38 90 14 69 100 16 47 58 32 71 60 25
81 35 97 14 29 63 3 75 56 22 89 48
20 72 38 60 53 19 95 34 78 85 11 66
57 8 64 27 91 42 9 88 50 74 36 97
46 100 30 83 17 55 32 49 72 6 98 20
33 13 45 12 79 70 61 19 38 96 25 54
5 58 87 75 34 23 53 82 47 45 10 90
74 27 52 98 63 94 8 31 55 17 69 44
11 49 40 26 89 13 101 57 21 102 31 73
68 21 73 47 28 66 59 44 83 30 76 12
