20 20
  46   83  -45   76  -23   94    5  -67   32  -89   18   57  -12   71  -34   88   -1   63  -78   39
  29  -91   64    8  -52   37  -74   95  -19   50  -83   26   73  -40   81   -6   55  -97   42   87
 -58   13   90  -31   68  -15   84  -49   79  -26   91  -63   48  -85   22   97  -70   35  -10   74
  17  -72   53  -94   41   86  -27   60  -98   33   66  -11   82  -56   25  -89   14   77  -43   96
 -35   80   -7   62  -79   19   54  -92    9   70  -46   85  -20   59  -100  31   64  -28   93   -3
  52  -17   78  -38   91    2   65  -54   88  -13   72  -81   30   47  -75    6   83  -60   37  -96
 -21   69  -48   99  -64   43  -86   23   58  -71   16   75  -32   90  -57   38  -95   20   51  -84
  10  -50   31   74  -88   27   48  -77    4   61  -39   94  -68   35  -82   19   56  -25   86  -73
 -61   36  -90   15   42  -99   12   67  -30   84  -53   28  -76    7   44  -93   24   79  -41   98
  34  -80   21   56  -14   73  -59   100  -47   22   89  -66  39  -18  69  -44  87  -8    55  -102
 -5    92  -69   40  -33   78  -22   63  -103  45   60  -29   96  -74   17   52  -87   11   66  -36
  82  -55   26  -97   58    1   70  -42   83  -16   49  -104  37   80  -51   32  -65    0   91  -24
 -19   62  -105  47   20  -78    3   54  -91   38   71  -34   86  -9    64  -81   28   95  -58   13
  76  -37   88  -72   29  -60    7   98  -25   56  -83   18   41  -101  33   74  -48   21  -90    5
 -12   51  -106  24   67  -44   89  -70   15   42  -95    8   59  -32   81  -16   53  -86   27   100
  49  -22   75  -61   34  -89   20   63  -38   92  -11   68  -79   26   45  -98   17   50  -104  31
 -66   39  -108  11   72  -53   30  -84    1   56  -73   40  -20   85  -47   22   65  -33   78  -14
  23  -76   43   90  -57   36  -100  19   62  -29   80  -49   12   53  -94    9   58  -81   32  -68
 -41   96  -25   70  -109  47   14  -71   34   99  -62   21  -88    4   61  -36   77  -17   48  -85
  16  -52   37   84  -46   25  -102  69  -4    57  -30   93  -64   35  -80   13   46  -107  29   72
  82   96   90   99   91   94   89   100  88   99   91   94   96   90   81   97   87   95   93   100