100 1
1 0 -40.533925 
0 
1 0 0.798837 
0 
1 0 -49.856708 
1 0 -2.680540 
0 
1 0 49.869566 
0 
1 0 99.649687 
1 0 66.466513 
0 
1 0 64.117916 
1 0 -58.759657 
0 
1 0 -68.185666 
0 
0 
0 
0 
1 0 55.121449 
1 0 -72.635883 
0 
0 
0 
0 
0 
1 0 -95.415158 
1 0 -34.104063 
0 
0 
0 
0 
1 0 -42.056765 
0 
0 
1 0 -97.425557 
1 0 21.018093 
1 0 92.552261 
0 
1 0 -47.739693 
0 
0 
0 
1 0 60.369833 
0 
0 
1 0 -5.449657 
1 0 -3.943805 
1 0 -87.434422 
1 0 83.613031 
0 
1 0 -93.842588 
0 
0 
1 0 -0.349510 
1 0 80.069105 
1 0 95.158164 
1 0 24.206741 
1 0 17.049856 
0 
0 
1 0 -64.606736 
1 0 -86.190746 
0 
0 
1 0 -0.109087 
1 0 -77.226528 
1 0 17.958913 
1 0 -27.279958 
0 
1 0 -55.703227 
1 0 -78.690186 
0 
1 0 -6.371922 
1 0 39.064403 
0 
1 0 22.566439 
1 0 -89.236431 
1 0 -80.131464 
1 0 4.335385 
0 
1 0 24.740283 
1 0 33.116395 
1 0 56.879773 
1 0 -27.143909 
0 
1 0 46.056249 
0 
1 0 -5.918483 
0 
0 
0 
0 
1 0 43.769765 
0 
0 
1 0 -98.169405 
0 
0 
